-4	5	1.85
-3.6	5	1.85
-3.2	5	1.85
-2.8	5	1.85
-2.4	5	1.85
-2	5	1.85
-1.6	5	1.85
-1.2	5	1.85
-0.8	5	1.85
-0.4	5	1.85
0	5	1.85
0.4	5.04	1.85
0.8	5.08	1.85
1.2	5.12	1.85
1.6	5.16	1.85
2	5.2	1.85
2.4	5.24	1.85
2.8	5.28	1.85
3.2	5.32	1.85
3.6	5.36	1.85
4	5.4	1.85
4.4	5.44	1.80
4.8	5.48	1.80
5.2	5.52	1.80
5.6	5.56	1.80
6	5.6	1.80
6.4	5.64	1.80
6.8	5.68	1.80
7.2	5.72	1.79
7.6	5.76	1.78
8	5.8	1.77
8.4	5.84	1.76
8.8	5.88	1.75
9.2	5.92	1.74
9.6	5.96	1.73
10	6	1.73
10.4	6.02	1.73
10.8	6.04	1.73
11.2	6.06	1.73
11.6	6.08	1.73
12	6.1	1.73
12.4	6.12	1.73
12.8	6.14	1.73
13.2	6.16	1.73
13.6	6.18	1.73
14	6.2	1.73
14.4	6.22	1.73
14.8	6.24	1.73
15.2	6.26	1.73
15.6	6.28	1.73
16	6.3	1.73
16.4	6.32	1.73
16.8	6.34	1.73
17.2	6.36	1.73
17.6	6.38	1.73
18	6.4	1.73
18.4	6.42	1.73
18.8	6.44	1.73
19.2	6.46	1.73
19.6	6.48	1.73
20	6.5	1.65
20.4	6.52	1.65
20.8	6.54	1.65
21.2	6.56	1.65
21.6	6.58	1.65
22	6.6	1.65
22.4	6.62	1.65
22.8	6.64	1.65
23.2	6.66	1.65
23.6	6.68	1.65
24	6.7	1.65
24.4	6.72	1.65
24.8	6.74	1.65
25.2	6.76	1.65
25.6	6.78	1.65
26	6.8	1.65
26.4	6.82	1.65
26.8	6.84	1.65
27.2	6.86	1.65
27.6	6.88	1.65
28	6.9	1.65
28.4	6.92	1.65
28.8	6.94	1.65
29.2	6.96	1.65
29.6	6.98	1.65
30	7	1.73
30.4	7.02	1.73
30.8	7.04	1.73
31.2	7.06	1.73
31.6	7.08	1.73
32	7.1	1.73
32.4	7.12	1.73
32.8	7.14	1.73
33.2	7.16	1.73
33.6	7.18	1.73
34	7.2	1.73
34.4	7.22	1.73
34.8	7.24	1.73
35.2	7.26	1.73
35.6	7.26	1.73
36	7.26	1.73
36.4	7.26	1.73
36.8	7.26	1.73
37.2	7.26	1.73
37.6	7.26	1.73
38	7.26	1.73
38.4	7.26	1.73
38.8	7.26	1.73
39.2	7.26	1.73
39.6	7.26	1.73
40	7.26	1.73
40.4	7.26	1.73
40.8	8	1.73
41.2	8	1.73
41.6	8	1.73
42	8	1.73
42.4	8	1.73
42.8	8	1.73
43.2	8	1.73
43.6	8	1.73
44	8	1.73
44.4	8	1.73
44.8	8	1.73
45.2	8	1.73
45.6	8	1.73
46	8	1.73
46.4	8	1.73
46.8	8	1.73
47.2	8	1.73
47.6	8	1.73
48	8	1.73
48.4	8	1.73
48.8	8	1.73
49.2	8	1.73
49.6	8	1.73
50	8	1.73
50.4	8	1.73
50.8	8	1.73
51.2	8	1.73
51.6	8	1.73
52	8	1.73
52.4	8	1.73
52.8	8	1.73
53.2	8	1.73
53.6	8	1.73
54	8	1.73
54.4	8	1.73
54.8	8	1.73
55.2	8	1.73
55.6	8	1.73
56	8	1.73
56.4	8	1.73
56.8	8	1.73
57.2	8	1.73
57.6	8	1.73
58	8	1.73
58.4	8	1.73
58.8	8	1.73
59.2	8	1.73
59.6	8	1.73
60	8	1.73
60.4	8	1.73
60.8	8	1.73
61.2	8	1.73
61.6	8	1.73
62	8	1.73
62.4	8	1.73
62.8	8	1.73
63.2	8	1.73
63.6	8	1.73
64	8	1.73
64.4	8	1.73
64.8	8	1.73
65.2	8	1.73
65.6	8	1.73
66	8	1.73
66.4	8	1.73
66.8	8	1.73
67.2	8	1.73
67.6	8	1.73
68	8	1.73
68.4	8	1.73
68.8	8	1.73
69.2	8	1.73
69.6	8	1.73
70	8	1.73
70.4	8	1.73
70.8	8	1.73
71.2	8	1.73
71.6	8	1.73
72	8	1.73
72.4	8	1.73
72.8	8	1.73
73.2	8	1.73
73.6	8	1.73
74	8	1.73
74.4	8	1.73
74.8	8	1.73
75.2	8	1.73
75.6	8	1.73
76	8	1.73
76.4	8	1.73
76.8	8	1.73
77.2	8	1.73
77.6	8	1.73
78	8	1.73
78.4	8	1.73
78.8	8	1.73
79.2	8	1.73
79.6	8	1.73
80	8	1.73
80.4	8	1.73
80.8	8	1.73
81.2	8	1.73
81.6	8	1.73
82	8	1.73
82.4	8	1.73
82.8	8	1.73
83.2	8	1.73
83.6	8	1.73
84	8	1.73
84.4	8	1.73
84.8	8	1.73
85.2	8	1.73
85.6	8	1.73
86	8	1.73
86.4	8	1.73
86.8	8	1.73
87.2	8	1.73
87.6	8	1.73
88	8	1.73
88.4	8	1.73
88.8	8	1.73
89.2	8	1.73
89.6	8	1.73
90	8	1.73
90.4	8	1.73
90.8	8	1.73
91.2	8	1.73
91.6	8	1.73
92	8	1.73
92.4	8	1.73
92.8	8	1.73
93.2	8	1.73
93.6	8	1.73
94	8	1.73
94.4	8	1.73
94.8	8	1.73
95.2	8	1.73
95.6	8	1.73
96	8	1.73
96.4	8	1.73
96.8	8	1.73
97.2	8	1.73
97.6	8	1.73
98	8	1.73
98.4	8	1.73
98.8	8	1.73
99.2	8	1.73
99.6	8	1.73
100	8	1.73
100.4	8	1.73
100.8	8	1.73
101.2	8	1.73
101.6	8	1.73
102	8	1.73
102.4	8	1.73
102.8	8	1.73
103.2	8	1.73
103.6	8	1.73
104	8	1.73
104.4	8	1.73
104.8	8	1.73
105.2	8	1.73
105.6	8	1.73
106	8	1.73
106.4	8	1.73
106.8	8	1.73
107.2	8	1.73
107.6	8	1.73
108	8	1.73
108.4	8	1.73
108.8	8	1.73
109.2	8	1.73
109.6	8	1.73
110	8	1.73
110.4	8	1.73
110.8	8	1.73
111.2	8	1.73
111.6	8	1.73
112	8	1.73
112.4	8	1.73
112.8	8	1.73
113.2	8	1.73
113.6	8	1.73
114	8	1.73
114.4	8	1.73
114.8	8	1.73
115.2	8	1.73
115.6	8	1.73
116	8	1.73
116.4	8	1.73
116.8	8	1.73
117.2	8	1.73
117.6	8	1.73
118	8	1.73
118.4	8	1.73
118.8	8	1.73
119.2	8	1.73
119.6	8	1.73
