 -3.4   3.378   1.73
 -3.2   3.452   1.73
 -2.9   3.525   1.73
 -2.7   3.597   1.73
 -2.4   3.667   1.73
 -2.2   3.737   1.73
 -1.9   3.806   1.73
 -1.7   3.873   1.73
 -1.4   3.940   1.73
 -1.2   4.005   1.73
 -0.9   4.070   1.73
 -0.7   4.133   1.73
 -0.4   4.196   1.73
 -0.2   4.257   1.73
  0.1   4.318   1.73
  0.3   4.378   1.73
  0.6   4.436   1.73
  0.8   4.494   1.73
  1.1   4.551   1.73
  1.3   4.606   1.73
  1.6   4.661   1.73
  1.8   4.715   1.73
  2.1   4.768   1.73
  2.3   4.820   1.73
  2.6   4.872   1.73
  2.8   4.922   1.73
  3.1   4.972   1.73
  3.3   5.020   1.73
  3.6   5.068   1.73
  3.8   5.115   1.73
  4.1   5.161   1.73
  4.3   5.207   1.73
  4.6   5.251   1.73
  4.8   5.295   1.73
  5.1   5.338   1.73
  5.3   5.380   1.73
  5.6   5.422   1.73
  5.8   5.462   1.73
  6.1   5.502   1.73
  6.3   5.541   1.73
  6.6   5.580   1.73
  6.8   5.617   1.73
  7.1   5.654   1.73
  7.3   5.691   1.73
  7.6   5.726   1.73
  7.8   5.761   1.73
  8.1   5.796   1.73
  8.3   5.829   1.73
  8.6   5.862   1.73
  8.8   5.894   1.73
  9.1   5.926   1.73
  9.3   5.957   1.73
  9.6   5.987   1.73
  9.8   6.017   1.73
 10.1   6.046   1.73
 10.3   6.075   1.73
 10.6   6.103   1.73
 10.8   6.130   1.73
 11.1   6.157   1.73
 11.3   6.183   1.73
 11.6   6.209   1.73
 11.8   6.234   1.73
 12.1   6.259   1.73
 12.3   6.283   1.73
 12.6   6.307   1.73
 12.8   6.330   1.73
 13.1   6.353   1.73
 13.3   6.375   1.73
 13.6   6.397   1.73
 13.8   6.418   1.73
 14.1   6.439   1.73
 14.3   6.459   1.73
 14.6   6.479   1.73
 14.8   6.499   1.73
 15.1   6.518   1.73
 15.3   6.536   1.73
 15.6   6.555   1.73
 15.8   6.573   1.73
 16.1   6.590   1.73
 16.3   6.607   1.73
 16.6   6.624   1.73
 16.8   6.641   1.73
 17.1   6.657   1.73
 17.3   6.673   1.73
 17.6   6.688   1.73
 17.8   6.703   1.73
 18.1   6.718   1.73
 18.3   6.733   1.73
 18.6   6.747   1.73
 18.8   6.761   1.73
 19.1   6.775   1.73
 19.3   6.789   1.73
 19.6   6.802   1.73
 19.8   6.815   1.73
 20.1   6.828   1.73
 20.3   6.840   1.73
 20.6   6.853   1.73
 20.8   6.865   1.73
 21.1   6.877   1.73
 21.3   6.889   1.73
 21.6   6.901   1.73
 21.8   6.912   1.73
 22.1   6.924   1.73
 22.3   6.935   1.73
 22.6   6.946   1.73
 22.8   6.957   1.73
 23.1   6.968   1.73
 23.3   6.979   1.73
 23.6   6.989   1.73
 23.8   7.000   1.73
 24.1   7.010   1.73
 24.3   7.021   1.73
 24.6   7.031   1.73
 24.8   7.042   1.73
 25.1   7.052   1.73
 25.3   7.062   1.73
 25.6   7.073   1.73
 25.8   7.083   1.73
 26.1   7.093   1.73
 26.3   7.103   1.73
 26.6   7.114   1.73
 26.8   7.124   1.73
 27.1   7.134   1.73
 27.3   7.145   1.73
 27.6   7.155   1.73
 27.8   7.166   1.73
 28.1   7.177   1.73
 28.3   7.187   1.73
 28.6   7.198   1.73
 28.8   7.209   1.73
 29.1   7.220   1.73
 29.3   7.231   1.73
 29.6   7.242   1.73
 29.8   7.254   1.73
 30.1   7.265   1.73
